0,647
90,35
10,261
10,1
10,155
10,2
10,3
11,18
63,13
63,12
11,8
63,11
63,10
11,11
63,9
63,8
63,7
11,13
11,14
63,6
63,5
63,4
11,16
63,2
11,1
63,1
63,0
11,30
60,3
11,2
60,1
59,9
59,8
59,7
59,6
59,5
59,4
59,3
11,3
59,2
59,1
53,3
53,1
9,7
9,1
9,5
43,2
42,5
42,4
42,3
42,2
42,1
41,4
41,3
8,12
8,15
8,7
41,2
41,1
39,8
39,7
39,5
39,4
39,2
39,1
36,30
36,29
36,28
36,27
36,26
36,25
36,24
36,23
36,22
36,21
36,20
36,19
36,18
36,17
36,16
36,15
36,14
36,5
36,3
36,1
35,40
35,39
35,38
35,37
35,36
35,35
35,34
35,33
35,32
35,31
35,30
35,29
35,28
35,27
35,26
35,25
35,24
35,23
35,5
35,4
35,3
35,1
34,81
34,79
34,78
34,77
34,76
34,75
34,8
34,5
34,3
34,2
34,1
34,0
31,5
31,4
31,3
31,2
31,1
30,4
30,2
30,1
29,5
29,4
29,3
29,1
28,4
28,3
28,1
27,4
27,3
27,1
26,5
26,4
26,3
26,1
25,4
25,3
25,1
20,3
20,2
20,1
19,3
19,2
19,1
